inherit_from: "thirdparty/MonoGS/configs/mono/smoke_basement/base_config.yaml"

Dataset:
  modality: 'thermal_right'

  dataset_path: "datasets/SmokeBasement/run5"
  Calibration:
    raw:
      fx: 358.484823
      fy: 357.311578
      cx: 317.492363
      cy: 267.103537
      k1: -0.212959
      k2: 0.039110
      p1: 0.000939
      p2: 0.001243
      W: 640
      H: 512
      png_depth_scale: 100.0
      distorted: True
      distortion_model: 'radtan'
    opt:
      # K optimal obtained by cv2.getOptimalNewCameraMatrix() with balance=0.0
      fx: 313.23175009966894
      fy: 312.17574076065176
      cx: 350.8832213092527
      cy: 271.73727471875617
      k1: 0.0
      k2: 0.0
      k3: 0.0
      k4: 0.0
      W: 704
      H: 512
      png_depth_scale: 100.0
      distorted: False
      distortion_model: ''


